last epoch values:
train loss: 1.8111252784729004
train acc: 	0.5242840470419248
val loss:	3.6464250087738037
val acc: 	0.3158319870759289
F1: 		0.43720481748074186

per class accuracy after last epoch:
 [0.41666667 0.2        0.5        0.63636364 1.         0.26315789
 0.55555556 0.37142857 0.48979592 0.18181818 0.71387283 0.16
 0.68472906 0.54477612 0.5        0.35483871 0.09090909 0.16666667
 0.36633663 0.4        0.13333333 0.568      0.55555556 0.25
 0.45454545 0.8        0.2        0.12820513 0.48275862 0.43
 0.70588235 0.125      0.21969697 0.31111111 0.66666667 0.11111111
 0.55172414 0.16666667 0.53383459 0.37179487 0.58536585 0.808
 0.44827586 0.5        0.         0.58263305 0.18181818 0.6
 0.5254902  0.33333333 0.30167598 0.44444444 0.47826087 0.65706052
 0.75       0.43421053 0.30769231 0.16666667 0.5        0.56097561
 0.3125     0.16666667 0.33333333 0.57142857 0.         0.
 0.46666667 0.59751037 0.67466667 0.66666667 0.35714286 0.
 0.40677966 0.25       0.07692308 0.44444444 0.40677966 0.5
 0.4        0.41269841 0.36486486 0.         0.5625     0.30645161
 0.48484848 0.92857143 0.5        0.58666667 0.2        0.
 0.5        0.67857143 0.40909091 0.72641509 0.688      0.34782609
 0.42758621 0.51190476 0.30379747 0.25423729 0.09090909 0.3125
 0.5380117  0.225      0.         0.44680851 0.30357143 0.44827586
 0.45323741 0.50413223 0.4        0.         0.5        0.48148148
 0.44642857 0.13793103 0.16666667 0.31034483 0.33333333 0.20338983
 0.34782609 0.61290323 0.5042735  0.527897   0.32638889 0.15384615
 0.63716814 0.18390805 0.39655172 0.32291667 0.5        0.648
 0.5890411  0.25       0.41176471 0.4        0.64220183 0.8
 0.47826087 0.5        0.21428571 0.47169811 0.71984436 0.2
 0.47058824 0.5        0.23809524 0.17647059 0.49122807 0.33333333
 0.54       0.76119403]