last epoch values:
train loss: 1.2427583932876587
train acc:  0.6743500994182193
val loss:   2.6618833541870117
val acc:    0.5367153627350805
F1:         0.6099800517278658

per class accuracy after last epoch:
 [0.63095238 0.66037736 0.7202381  0.43697479 0.76470588 0.38636364
 0.42253521 0.52839506 0.6029035  0.82911392 0.65563181 0.48348348
 0.58960177 0.76984127 0.74444444 0.63764706 0.67948718 0.39534884
 0.59437751 0.72       0.29787234 0.75780305 0.4875     0.66666667
 0.4125     0.83018868 0.62962963 0.43577982 0.68531469 0.62703681
 0.73911131 0.63636364 0.44820296 0.6174921  0.7        0.46153846
 0.61244019 0.38372093 0.61510129 0.81604697 0.56       0.78072112
 0.75777913 0.6        0.42105263 0.62012242 0.28440367 0.46153846
 0.55003187 0.56962025 0.43880597 0.66850829 0.70689655 0.61842764
 0.74324324 0.46678322 0.64423077 0.44247788 0.37804878 0.66218939
 0.47107438 0.52083333 0.77777778 0.60526316 0.87804878 0.42307692
 0.45255474 0.66344006 0.8625814  0.62162162 0.50733138 0.58208955
 0.51891074 0.45418327 0.42156863 0.39534884 0.48429319 0.57142857
 0.71052632 0.47719298 0.52880658 0.61538462 0.64205457 0.38395415
 0.67896679 0.75555556 0.88175676 0.6482903  0.64423077 0.57142857
 0.65789474 0.69581056 0.7402863  0.64734982 0.74229249 0.41538462
 0.7797843  0.52256532 0.4049904  0.46969697 0.26923077 0.44565217
 0.52021933 0.44808743 0.57894737 0.55052265 0.31330472 0.67612293
 0.51788756 0.66848196 0.53658537 0.875      0.49137931 0.72151899
 0.57075472 0.64468864 0.46745562 0.60648148 0.68867925 0.4359673
 0.37606838 0.59426752 0.63821138 0.6368861  0.48460145 0.28431373
 0.69119071 0.35967302 0.50636943 0.53954082 0.6        0.83390844
 0.83513739 0.63157895 0.65       0.52631579 0.73041709 0.74551387
 0.59633028 0.74119718 0.46774194 0.55373832 0.72275281 0.52849741
 0.7283237  0.45762712 0.27678571 0.44444444 0.5164369  0.56716418
 0.53243243 0.75783972]